data/dsb01.cnv
* Sea-Bird SBE 9 Data File:
* FileName = C:\OCEANO\CTD\DATOS\IMEDEA-SHEBEX\SB01.hex
* Software Version Seasave V 7.22
* Temperature SN = 5427
* Conductivity SN = 3872
* Number of Bytes Per Scan = 40
* Number of Voltage Words = 5
* Number of Scans Averaged by the Deck Unit = 1
* NMEA Latitude = 38 51.91 N
* NMEA Longitude = 002 47.40 E
* NMEA UTC (Time) = May 10 2015  15:43:53
* NMEA baud rate = 4800
** Ship:B/O SOCIB
** Cruise: IMEDEA-SHEBEX
** Station: SB 01
** Operator: N.Wirth
** Depth: 1150
** Date: 2015-05-10
** Time: 15:40
# nquan = 27
# nvalues = 231                         
# units = specified
# name 0 = latitude: Latitude [deg]
# name 1 = longitude: Longitude [deg]
# name 2 = depSM: Depth [salt water, m]
# name 3 = prDM: Pressure, Digiquartz [db]
# name 4 = t090C: Temperature [ITS-90, deg C]
# name 5 = t190C: Temperature, 2 [ITS-90, deg C]
# name 6 = T2-T190C: Temperature Difference, 2 - 1 [ITS-90, deg C]
# name 7 = c0mS/cm: Conductivity [mS/cm]
# name 8 = c1mS/cm: Conductivity, 2 [mS/cm]
# name 9 = C2-C1mS/cm: Conductivity Difference, 2 - 1 [mS/cm]
# name 10 = sal00: Salinity, Practical [PSU]
# name 11 = sal11: Salinity, Practical, 2 [PSU]
# name 12 = secS-priS: Salinity, Practical, Difference, 2 - 1 [PSU]
# name 13 = density00: Density [density, kg/m^3]
# name 14 = density11: Density, 2 [density, kg/m^3]
# name 15 = D2-D1,d: Density Difference, 2 - 1 [density, kg/m^3]
# name 16 = sbeox0Mg/L: Oxygen, SBE 43 [mg/l]
# name 17 = spar: SPAR/Surface Irradiance
# name 18 = par: PAR/Irradiance, Biospherical/Licor
# name 19 = flSP: Fluorescence, Seapoint
# name 20 = seaTurbMtr: Turbidity, Seapoint [FTU]
# name 21 = depSM: Depth [salt water, m], lat = 38.8652
# name 22 = sal00: Salinity, Practical [PSU]
# name 23 = density00: Density [density, kg/m^3]
# name 24 = sigma-é00: Density [sigma-theta, kg/m^3]
# name 25 = nbin: number of scans per bin
# name 26 = flag: flag
# span 0 =   38.86539,   38.86804       
# span 1 =    2.78718,    2.78989       
# span 2 =      4.960,   1143.101       
# span 3 =      5.000,   1155.000       
# span 4 =    13.1664,    19.9946       
# span 5 =    13.1654,    19.9982       
# span 6 =    -0.0017,     0.0100       
# span 7 =  44.921094,  51.227097       
# span 8 =  44.923979,  51.235132       
# span 9 =   0.002509,   0.014421       
# span 10 =    37.6811,    38.5225      
# span 11 =    37.6833,    38.5265      
# span 12 =     0.0015,     0.0045      
# span 13 =  1026.8751,  1034.1428      
# span 14 =  1026.8770,  1034.1457      
# span 15 =    -0.0001,     0.0038      
# span 16 =     5.9418,     8.5243      
# span 17 = 8.7352e+02, 1.1275e+03      
# span 18 = 2.6203e-05, 3.2862e+02      
# span 19 = 1.0593e-02, 3.5710e-01      
# span 20 =      2.021,      7.459      
# span 21 =      4.962,   1143.092      
# span 22 =    37.6559,    38.5224      
# span 23 =  1026.8767,  1034.1428      
# span 24 =    26.8552,    29.1049      
# span 25 =         49,        223      
# span 26 = 0.0000e+00, 0.0000e+00      
# interval = decibars: 5                
# start_time = May 10 2015 15:43:53 [NMEA time, header]
# bad_flag = -9.990e-29
*END*
[from data line 215]
   38.86798    2.78737   1069.056   1080.000    13.1755    13.1745    -0.0010  45.290622  45.293269   0.002647    38.5007    38.5043     0.0035  1033.8193  1033.8223     0.0029     6.0748 9.1432e+02 3.0522e-03 1.1853e-02      2.993   1069.057    38.5008  1033.8194    29.1047        154 0.0000e+00
   38.86798    2.78736   1073.994   1085.000    13.1761    13.1752    -0.0009  45.293450  45.296176   0.002725    38.5007    38.5042     0.0035  1033.8409  1033.8438     0.0029     6.0729 9.0827e+02 3.2888e-03 1.1695e-02      3.008   1073.993    38.5007  1033.8409    29.1047        151 0.0000e+00
   38.86798    2.78734   1078.929   1090.000    13.1768    13.1758    -0.0010  45.296382  45.299091   0.002709    38.5007    38.5042     0.0035  1033.8625  1033.8654     0.0029     6.0717 9.1355e+02 2.7727e-03 1.1734e-02      3.013   1078.929    38.5007  1033.8625    29.1047        154 0.0000e+00
   38.86798    2.78733   1083.867   1095.000    13.1772    13.1763    -0.0009  45.298989  45.301656   0.002666    38.5006    38.5041     0.0035  1033.8841  1033.8870     0.0029     6.0715 9.1143e+02 2.3998e-03 1.1790e-02      3.041   1083.866    38.5006  1033.8841    29.1048        166 0.0000e+00
   38.86800    2.78732   1088.801   1100.000    13.1780    13.1771    -0.0009  45.302045  45.304780   0.002735    38.5006    38.5041     0.0035  1033.9056  1033.9085     0.0029     6.0749 9.0660e+02 3.3867e-03 1.1859e-02      3.056   1088.802    38.5006  1033.9056    29.1047        154 0.0000e+00
   38.86800    2.78730   1093.739   1105.000    13.1786    13.1776    -0.0010  45.304887  45.307425   0.002541    38.5006    38.5041     0.0035  1033.9272  1033.9301     0.0029     6.0727 9.1031e+02 3.4304e-03 1.1946e-02      3.017   1093.738    38.5006  1033.9272    29.1047        153 0.0000e+00
   38.86800    2.78730   1098.673   1110.000    13.1795    13.1787    -0.0008  45.308130  45.310984   0.002850    38.5006    38.5041     0.0035  1033.9487  1033.9516     0.0029     6.0724 9.0312e+02 2.6328e-03 1.1932e-02      2.971   1098.674    38.5007  1033.9488    29.1048        158 0.0000e+00
   38.86801    2.78728   1103.610   1115.000    13.1795    13.1787    -0.0008  45.310199  45.313004   0.002804    38.5005    38.5040     0.0035  1033.9704  1033.9732     0.0029     6.0681 9.0357e+02 5.0129e-03 1.1914e-02      3.046   1103.610    38.5005  1033.9704    29.1048        153 0.0000e+00
   38.86802    2.78727   1108.545   1120.000    13.1802    13.1793    -0.0009  45.313234  45.315864   0.002632    38.5005    38.5039     0.0034  1033.9919  1033.9948     0.0028     6.0701 9.0641e+02 5.9393e-03 1.1820e-02      3.004   1108.546    38.5005  1033.9919    29.1048        163 0.0000e+00
   38.86802    2.78726   1113.482   1125.000    13.1800    13.1791    -0.0009  45.314952  45.317605   0.002653    38.5003    38.5037     0.0035  1034.0136  1034.0164     0.0029     6.0759 9.0163e+02 3.4343e-03 1.1735e-02      2.867   1113.481    38.5003  1034.0135    29.1049        152 0.0000e+00
   38.86802    2.78724   1118.416   1130.000    13.1806    13.1798    -0.0008  45.317853  45.320518   0.002663    38.5003    38.5036     0.0034  1034.0351  1034.0379     0.0028     6.0718 9.0617e+02 3.1215e-03 1.1487e-02      3.284   1118.417    38.5003  1034.0351    29.1049        199 0.0000e+00
   38.86802    2.78723   1123.352   1135.000    13.1814    13.1805    -0.0009  45.320806  45.323463   0.002658    38.5002    38.5037     0.0034  1034.0566  1034.0595     0.0028     6.0751 9.0732e+02 5.0230e-03 1.1587e-02      2.816   1123.352    38.5002  1034.0566    29.1048        175 0.0000e+00
   38.86803    2.78722   1128.287   1140.000    13.1821    13.1813    -0.0008  45.323909  45.326606   0.002695    38.5003    38.5037     0.0034  1034.0782  1034.0810     0.0028     6.0751 9.0533e+02 4.9198e-03 1.1720e-02      2.877   1128.287    38.5003  1034.0782    29.1049        195 0.0000e+00
   38.86804    2.78720   1133.222   1145.000    13.1826    13.1817    -0.0009  45.326605  45.329210   0.002607    38.5002    38.5036     0.0034  1034.0997  1034.1025     0.0028     6.0754 9.0559e+02 3.7341e-03 1.1627e-02      3.247   1133.223    38.5002  1034.0997    29.1049        186 0.0000e+00
   38.86804    2.78719   1138.157   1150.000    13.1832    13.1824    -0.0008  45.329359  45.332036   0.002676    38.5002    38.5036     0.0034  1034.1213  1034.1241     0.0028     6.0740 9.0843e+02 4.6050e-03 1.1674e-02      3.005   1138.158    38.5002  1034.1213    29.1049        182 0.0000e+00
   38.86804    2.78718   1143.101   1155.000    13.1841    13.1830    -0.0011  45.332440  45.335012   0.002578    38.5001    38.5036     0.0036  1034.1428  1034.1457     0.0030 -9.990e-29 9.0310e+02 7.4187e-03 1.1582e-02      2.888   1143.092    38.5001  1034.1428    29.1049         49 0.0000e+00
