data/dsb01.cnv
* Sea-Bird SBE 9 Data File:
* FileName = C:\OCEANO\CTD\DATOS\IMEDEA-SHEBEX\SB01.hex
* Software Version Seasave V 7.22
* Temperature SN = 5427
* Conductivity SN = 3872
* Number of Bytes Per Scan = 40
* Number of Voltage Words = 5
* Number of Scans Averaged by the Deck Unit = 1
* NMEA Latitude = 38 51.91 N
* NMEA Longitude = 002 47.40 E
* NMEA UTC (Time) = May 10 2015  15:43:53
* NMEA baud rate = 4800
** Ship:B/O SOCIB
** Cruise: IMEDEA-SHEBEX
** Station: SB 01
** Operator: N.Wirth
** Depth: 1150
** Date: 2015-05-10
** Time: 15:40
# nquan = 27
# nvalues = 231                         
# units = specified
# name 0 = latitude: Latitude [deg]
# name 1 = longitude: Longitude [deg]
# name 2 = depSM: Depth [salt water, m]
# name 3 = prDM: Pressure, Digiquartz [db]
# name 4 = t090C: Temperature [ITS-90, deg C]
# name 5 = t190C: Temperature, 2 [ITS-90, deg C]
# name 6 = T2-T190C: Temperature Difference, 2 - 1 [ITS-90, deg C]
# name 7 = c0mS/cm: Conductivity [mS/cm]
# name 8 = c1mS/cm: Conductivity, 2 [mS/cm]
# name 9 = C2-C1mS/cm: Conductivity Difference, 2 - 1 [mS/cm]
# name 10 = sal00: Salinity, Practical [PSU]
# name 11 = sal11: Salinity, Practical, 2 [PSU]
# name 12 = secS-priS: Salinity, Practical, Difference, 2 - 1 [PSU]
# name 13 = density00: Density [density, kg/m^3]
# name 14 = density11: Density, 2 [density, kg/m^3]
# name 15 = D2-D1,d: Density Difference, 2 - 1 [density, kg/m^3]
# name 16 = sbeox0Mg/L: Oxygen, SBE 43 [mg/l]
# name 17 = spar: SPAR/Surface Irradiance
# name 18 = par: PAR/Irradiance, Biospherical/Licor
# name 19 = flSP: Fluorescence, Seapoint
# name 20 = seaTurbMtr: Turbidity, Seapoint [FTU]
# name 21 = depSM: Depth [salt water, m], lat = 38.8652
# name 22 = sal00: Salinity, Practical [PSU]
# name 23 = density00: Density [density, kg/m^3]
# name 24 = sigma-é00: Density [sigma-theta, kg/m^3]
# name 25 = nbin: number of scans per bin
# name 26 = flag: flag
# span 0 =   38.86539,   38.86804       
# span 1 =    2.78718,    2.78989       
# span 2 =      4.960,   1143.101       
# span 3 =      5.000,   1155.000       
# span 4 =    13.1664,    19.9946       
# span 5 =    13.1654,    19.9982       
# span 6 =    -0.0017,     0.0100       
# span 7 =  44.921094,  51.227097       
# span 8 =  44.923979,  51.235132       
# span 9 =   0.002509,   0.014421       
# span 10 =    37.6811,    38.5225      
# span 11 =    37.6833,    38.5265      
# span 12 =     0.0015,     0.0045      
# span 13 =  1026.8751,  1034.1428      
# span 14 =  1026.8770,  1034.1457      
# span 15 =    -0.0001,     0.0038      
# span 16 =     5.9418,     8.5243      
# span 17 = 8.7352e+02, 1.1275e+03      
# span 18 = 2.6203e-05, 3.2862e+02      
# span 19 = 1.0593e-02, 3.5710e-01      
# span 20 =      2.021,      7.459      
# span 21 =      4.962,   1143.092      
# span 22 =    37.6559,    38.5224      
# span 23 =  1026.8767,  1034.1428      
# span 24 =    26.8552,    29.1049      
# span 25 =         49,        223      
# span 26 = 0.0000e+00, 0.0000e+00      
# interval = decibars: 5                
# start_time = May 10 2015 15:43:53 [NMEA time, header]
# bad_flag = -9.990e-29
*END*
[from data line 162]
   38.86752    2.78782    807.251    815.000    13.1745    13.1735    -0.0010  45.177668  45.180490   0.002823    38.5082    38.5120     0.0038  1032.6701  1032.6732     0.0031     6.0313 9.2069e+02 2.4967e-03 1.0601e-02      3.579    807.252    38.5082  1032.6701    29.1024        146 0.0000e+00
   38.86754    2.78782    812.195    820.000    13.1747    13.1736    -0.0010  45.180085  45.182821   0.002737    38.5082    38.5119     0.0037  1032.6919  1032.6949     0.0030     6.0280 9.2691e+02 2.6081e-03 1.0792e-02      3.581    812.195    38.5082  1032.6919    29.1025        157 0.0000e+00
   38.86755    2.78782    817.138    825.000    13.1744    13.1733    -0.0010  45.181828  45.184572   0.002744    38.5080    38.5117     0.0037  1032.7136  1032.7167     0.0031     6.0325 9.2279e+02 1.8565e-03 1.0736e-02      3.686    817.138    38.5080  1032.7136    29.1025        149 0.0000e+00
   38.86756    2.78780    822.080    830.000    13.1742    13.1732    -0.0011  45.183812  45.186518   0.002707    38.5078    38.5115     0.0037  1032.7354  1032.7385     0.0031     6.0354 9.2886e+02 2.5565e-03 1.0736e-02      3.599    822.080    38.5079  1032.7354    29.1026        145 0.0000e+00
   38.86758    2.78780    827.022    835.000    13.1747    13.1737    -0.0010  45.186484  45.189225   0.002740    38.5077    38.5114     0.0037  1032.7571  1032.7601     0.0031     6.0304 9.2000e+02 4.0637e-03 1.0922e-02      3.660    827.022    38.5077  1032.7571    29.1026        162 0.0000e+00
   38.86759    2.78780    831.965    840.000    13.1746    13.1736    -0.0010  45.188547  45.191248   0.002700    38.5076    38.5113     0.0036  1032.7789  1032.7819     0.0030     6.0351 9.1607e+02 2.7217e-03 1.1049e-02      3.477    831.965    38.5076  1032.7789    29.1027        152 0.0000e+00
   38.86760    2.78780    836.905    845.000    13.1750    13.1740    -0.0010  45.191081  45.193866   0.002784    38.5075    38.5112     0.0036  1032.8005  1032.8036     0.0030     6.0311 9.1660e+02 3.3652e-03 1.1105e-02      3.772    836.907    38.5075  1032.8005    29.1027        147 0.0000e+00
   38.86760    2.78778    841.850    850.000    13.1748    13.1738    -0.0010  45.192983  45.195715   0.002732    38.5074    38.5110     0.0037  1032.8223  1032.8253     0.0030     6.0342 9.1576e+02 1.8575e-03 1.1155e-02      3.586    841.849    38.5074  1032.8223    29.1027        154 0.0000e+00
   38.86762    2.78778    846.791    855.000    13.1748    13.1737    -0.0010  45.195086  45.197817   0.002732    38.5072    38.5109     0.0037  1032.8440  1032.8471     0.0030     6.0360 9.0830e+02 1.8413e-03 1.0907e-02      3.659    846.791    38.5072  1032.8440    29.1028        147 0.0000e+00
   38.86763    2.78778    851.732    860.000    13.1745    13.1735    -0.0010  45.196941  45.199666   0.002726    38.5070    38.5107     0.0036  1032.8658  1032.8688     0.0030     6.0361 9.0238e+02 2.5072e-03 1.0906e-02      3.797    851.733    38.5070  1032.8658    29.1028        147 0.0000e+00
   38.86764    2.78776    856.674    865.000    13.1737    13.1726    -0.0010  45.198050  45.200725   0.002675    38.5068    38.5104     0.0036  1032.8876  1032.8906     0.0030     6.0366 9.0353e+02 2.8320e-03 1.0952e-02      3.492    856.674    38.5068  1032.8876    29.1030        161 0.0000e+00
   38.86766    2.78776    861.615    870.000    13.1733    13.1724    -0.0010  45.199727  45.202494   0.002766    38.5066    38.5102     0.0036  1032.9094  1032.9124     0.0030     6.0374 9.0990e+02 1.9761e-03 1.0927e-02      3.749    861.616    38.5066  1032.9094    29.1031        156 0.0000e+00
   38.86767    2.78775    866.558    875.000    13.1736    13.1726    -0.0010  45.202212  45.204911   0.002699    38.5065    38.5101     0.0036  1032.9311  1032.9341     0.0030     6.0404 9.0856e+02 1.5293e-03 1.1080e-02      3.465    866.557    38.5065  1032.9311    29.1031        145 0.0000e+00
   38.86768    2.78774    871.499    880.000    13.1735    13.1725    -0.0010  45.204199  45.206928   0.002729    38.5064    38.5100     0.0036  1032.9528  1032.9559     0.0030     6.0436 9.0745e+02 1.5414e-03 1.0931e-02      3.385    871.499    38.5064  1032.9528    29.1032        152 0.0000e+00
   38.86770    2.78774    876.439    885.000    13.1732    13.1723    -0.0009  45.206102  45.208893   0.002789    38.5063    38.5098     0.0036  1032.9746  1032.9776     0.0030     6.0431 9.1174e+02 1.8204e-03 1.1129e-02      3.215    876.440    38.5063  1032.9746    29.1033        158 0.0000e+00
   38.86771    2.78774    881.382    890.000    13.1696    13.1686    -0.0010  45.203571  45.206352   0.002782    38.5054    38.5091     0.0037  1032.9966  1032.9996     0.0030     6.0509 9.0982e+02 2.1816e-03 1.1095e-02      3.238    881.381    38.5053  1032.9965    29.1035        151 0.0000e+00
   38.86772    2.78772    886.322    895.000    13.1702    13.1693    -0.0009  45.206674  45.209439   0.002765    38.5055    38.5091     0.0036  1033.0184  1033.0214     0.0030     6.0507 9.0894e+02 7.9583e-04 1.1118e-02      3.013    886.322    38.5055  1033.0183    29.1036        151 0.0000e+00
   38.86773    2.78772    891.262    900.000    13.1708    13.1699    -0.0010  45.209574  45.212325   0.002750    38.5055    38.5091     0.0036  1033.0400  1033.0430     0.0030     6.0540 9.0850e+02 2.6495e-03 1.1156e-02      2.965    891.263    38.5055  1033.0400    29.1037        153 0.0000e+00
   38.86774    2.78772    896.204    905.000    13.1708    13.1698    -0.0010  45.211657  45.214329   0.002672    38.5054    38.5089     0.0035  1033.0618  1033.0647     0.0029     6.0541 9.0835e+02 3.5735e-03 1.1117e-02      2.870    896.204    38.5054  1033.0618    29.1037        153 0.0000e+00
   38.86776    2.78771    901.143    910.000    13.1709    13.1699    -0.0010  45.213857  45.216517   0.002661    38.5052    38.5088     0.0036  1033.0834  1033.0864     0.0030     6.0484 9.0282e+02 3.3856e-03 1.1197e-02      2.740    901.144    38.5052  1033.0834    29.1038        147 0.0000e+00
   38.86776    2.78770    906.085    915.000    13.1708    13.1698    -0.0010  45.215939  45.218575   0.002637    38.5051    38.5087     0.0036  1033.1052  1033.1082     0.0030     6.0570 9.0351e+02 8.1620e-04 1.1089e-02      2.807    906.085    38.5051  1033.1052    29.1039        159 0.0000e+00
   38.86778    2.78770    911.027    920.000    13.1715    13.1705    -0.0010  45.219038  45.221718   0.002679    38.5052    38.5087     0.0035  1033.1269  1033.1298     0.0029     6.0592 8.9674e+02 1.3381e-03 1.1205e-02      2.650    911.025    38.5052  1033.1269    29.1039        141 0.0000e+00
   38.86778    2.78769    915.965    925.000    13.1711    13.1703    -0.0008  45.220596  45.223479   0.002879    38.5049    38.5085     0.0036  1033.1486  1033.1515     0.0030     6.0534 8.9633e+02 5.5599e-04 1.1231e-02      2.646    915.966    38.5049  1033.1486    29.1039        162 0.0000e+00
   38.86780    2.78768    920.905    930.000    13.1692    13.1683    -0.0009  45.220019  45.222834   0.002816    38.5042    38.5078     0.0036  1033.1703  1033.1733     0.0030     6.0608 9.0125e+02 3.1680e-04 1.1163e-02      2.776    920.906    38.5041  1033.1702    29.1039        155 0.0000e+00
   38.86780    2.78768    925.846    935.000    13.1672    13.1663    -0.0009  45.219550  45.222304   0.002755    38.5036    38.5071     0.0036  1033.1920  1033.1950     0.0030     6.0607 9.0051e+02 4.8790e-04 1.1212e-02      3.137    925.846    38.5035  1033.1920    29.1040        158 0.0000e+00
   38.86780    2.78767    930.785    940.000    13.1676    13.1666    -0.0010  45.222094  45.224791   0.002698    38.5034    38.5070     0.0036  1033.2137  1033.2166     0.0030     6.0600 8.8734e+02 4.8828e-04 1.1275e-02      3.116    930.786    38.5034  1033.2137    29.1040        145 0.0000e+00
   38.86782    2.78766    935.724    945.000    13.1678    13.1668    -0.0010  45.224462  45.227224   0.002764    38.5033    38.5070     0.0036  1033.2353  1033.2384     0.0030     6.0629 8.7931e+02 1.9487e-03 1.1124e-02      3.002    935.726    38.5033  1033.2353    29.1040        151 0.0000e+00
   38.86782    2.78766    940.666    950.000    13.1678    13.1668    -0.0010  45.226685  45.229319   0.002634    38.5033    38.5068     0.0035  1033.2571  1033.2600     0.0029     6.0617 8.7352e+02 8.4667e-04 1.1254e-02      2.893    940.665    38.5032  1033.2570    29.1041        157 0.0000e+00
   38.86783    2.78765    945.605    955.000    13.1679    13.1670    -0.0009  45.228894  45.231620   0.002725    38.5031    38.5067     0.0035  1033.2787  1033.2817     0.0029     6.0649 8.8042e+02 2.3349e-03 1.1191e-02      3.171    945.605    38.5031  1033.2787    29.1041        146 0.0000e+00
   38.86785    2.78764    950.544    960.000    13.1686    13.1675    -0.0010  45.231879  45.234466   0.002589    38.5031    38.5066     0.0035  1033.3004  1033.3033     0.0030     6.0646 8.8196e+02 1.9631e-03 1.1251e-02      3.008    950.544    38.5031  1033.3004    29.1042        154 0.0000e+00
   38.86786    2.78762    955.485    965.000    13.1698    13.1689    -0.0009  45.235642  45.238404   0.002760    38.5033    38.5068     0.0036  1033.3220  1033.3249     0.0029     6.0596 8.7798e+02 2.3480e-03 1.1492e-02      2.982    955.484    38.5033  1033.3220    29.1042        156 0.0000e+00
   38.86788    2.78762    960.421    970.000    13.1701    13.1692    -0.0009  45.237990  45.240775   0.002783    38.5032    38.5067     0.0035  1033.3436  1033.3466     0.0029     6.0626 8.8046e+02 1.9692e-03 1.1492e-02      2.916    960.423    38.5032  1033.3437    29.1042        153 0.0000e+00
   38.86788    2.78760    965.362    975.000    13.1702    13.1692    -0.0010  45.240280  45.242878   0.002599    38.5031    38.5065     0.0035  1033.3653  1033.3682     0.0029     6.0636 8.8609e+02 2.7401e-03 1.1317e-02      2.799    965.362    38.5031  1033.3653    29.1043        165 0.0000e+00
   38.86789    2.78759    970.301    980.000    13.1708    13.1698    -0.0010  45.242979  45.245694   0.002716    38.5029    38.5065     0.0036  1033.3869  1033.3898     0.0030     6.0617 8.7909e+02 2.8262e-03 1.1222e-02      2.805    970.301    38.5029  1033.3869    29.1042        148 0.0000e+00
   38.86790    2.78758    975.240    985.000    13.1713    13.1703    -0.0010  45.245716  45.248324   0.002609    38.5028    38.5063     0.0035  1033.4085  1033.4114     0.0029     6.0630 8.7647e+02 2.9636e-03 1.1162e-02      3.037    975.240    38.5029  1033.4085    29.1042        155 0.0000e+00
   38.86790    2.78756    980.177    990.000    13.1695    13.1688    -0.0007  45.245485  45.248488   0.002997    38.5023    38.5059     0.0035  1033.4303  1033.4332     0.0029     6.0669 8.7356e+02 2.4793e-03 1.1289e-02      3.168    980.179    38.5023  1033.4303    29.1043        155 0.0000e+00
   38.86790    2.78756    985.118    995.000    13.1669    13.1659    -0.0010  45.244296  45.246940   0.002647    38.5017    38.5052     0.0035  1033.4522  1033.4551     0.0029     6.0749 8.7979e+02 2.3722e-03 1.1207e-02      2.977    985.117    38.5016  1033.4521    29.1045        157 0.0000e+00
   38.86791    2.78754    990.056   1000.000    13.1672    13.1662    -0.0010  45.246764  45.249421   0.002659    38.5015    38.5051     0.0035  1033.4737  1033.4767     0.0029     6.0745 8.9068e+02 1.8860e-03 1.1182e-02      3.169    990.056    38.5015  1033.4737    29.1045        152 0.0000e+00
   38.86792    2.78753    994.993   1005.000    13.1671    13.1661    -0.0010  45.248732  45.251318   0.002587    38.5014    38.5049     0.0035  1033.4954  1033.4983     0.0029     6.0706 9.0179e+02 1.1301e-03 1.1189e-02      3.018    994.994    38.5014  1033.4954    29.1046        159 0.0000e+00
   38.86792    2.78752    999.934   1010.000    13.1664    13.1654    -0.0010  45.249938  45.252586   0.002647    38.5011    38.5046     0.0035  1033.5171  1033.5201     0.0029     6.0772 9.0486e+02 1.4751e-03 1.1498e-02      3.144    999.933    38.5011  1033.5171    29.1046        156 0.0000e+00
   38.86793    2.78750   1004.870   1015.000    13.1669    13.1660    -0.0009  45.252664  45.255392   0.002727    38.5010    38.5046     0.0035  1033.5387  1033.5417     0.0029     6.0791 9.1160e+02 1.6661e-03 1.1477e-02      2.955   1004.871    38.5010  1033.5387    29.1046        150 0.0000e+00
   38.86794    2.78750   1009.807   1020.000    13.1677    13.1667    -0.0011  45.255832  45.258401   0.002571    38.5010    38.5045     0.0035  1033.5603  1033.5632     0.0030     6.0741 9.1244e+02 2.1846e-03 1.1202e-02      2.984   1009.809    38.5010  1033.5603    29.1046        148 0.0000e+00
   38.86794    2.78748   1014.747   1025.000    13.1680    13.1671    -0.0009  45.258240  45.260928   0.002686    38.5009    38.5044     0.0035  1033.5819  1033.5848     0.0029     6.0761 9.1078e+02 2.6299e-03 1.1574e-02      3.098   1014.747    38.5009  1033.5819    29.1047        154 0.0000e+00
   38.86794    2.78747   1019.685   1030.000    13.1680    13.1671    -0.0010  45.260358  45.263038   0.002681    38.5008    38.5043     0.0035  1033.6036  1033.6065     0.0030     6.0767 9.1054e+02 2.8883e-03 1.1510e-02      2.915   1019.685    38.5008  1033.6036    29.1047        157 0.0000e+00
   38.86796    2.78746   1024.622   1035.000    13.1687    13.1678    -0.0010  45.263338  45.265962   0.002623    38.5008    38.5043     0.0035  1033.6252  1033.6281     0.0029     6.0777 9.1180e+02 1.4997e-03 1.1591e-02      2.957   1024.622    38.5008  1033.6252    29.1047        160 0.0000e+00
   38.86796    2.78744   1029.559   1040.000    13.1694    13.1684    -0.0010  45.266238  45.268891   0.002655    38.5007    38.5043     0.0035  1033.6467  1033.6497     0.0029     6.0745 9.1814e+02 1.8840e-03 1.1599e-02      2.925   1029.560    38.5007  1033.6467    29.1047        148 0.0000e+00
   38.86796    2.78743   1034.499   1045.000    13.1701    13.1691    -0.0009  45.269268  45.271919   0.002651    38.5008    38.5042     0.0035  1033.6684  1033.6713     0.0029     6.0753 9.1275e+02 1.4196e-03 1.1678e-02      3.324   1034.497    38.5008  1033.6684    29.1047        156 0.0000e+00
   38.86796    2.78742   1039.434   1050.000    13.1711    13.1702    -0.0009  45.272541  45.275226   0.002684    38.5007    38.5042     0.0035  1033.6899  1033.6928     0.0029     6.0777 9.1224e+02 1.9518e-03 1.1541e-02      3.236   1039.435    38.5008  1033.6899    29.1047        152 0.0000e+00
   38.86796    2.78742   1044.372   1055.000    13.1719    13.1709    -0.0010  45.275607  45.278289   0.002683    38.5007    38.5043     0.0035  1033.7115  1033.7144     0.0029     6.0765 9.1762e+02 9.5473e-04 1.1819e-02      2.918   1044.372    38.5008  1033.7115    29.1047        158 0.0000e+00
   38.86796    2.78741   1049.309   1060.000    13.1726    13.1717    -0.0009  45.278646  45.281325   0.002678    38.5008    38.5043     0.0035  1033.7331  1033.7360     0.0029     6.0759 9.1010e+02 2.6063e-03 1.1539e-02      2.836   1049.309    38.5008  1033.7331    29.1047        150 0.0000e+00
   38.86796    2.78740   1054.246   1065.000    13.1734    13.1725    -0.0009  45.281784  45.284423   0.002639    38.5008    38.5043     0.0034  1033.7547  1033.7575     0.0029     6.0749 9.1336e+02 2.1604e-03 1.1633e-02      3.049   1054.246    38.5008  1033.7547    29.1047        163 0.0000e+00
   38.86796    2.78739   1059.184   1070.000    13.1742    13.1732    -0.0010  45.284794  45.287468   0.002675    38.5008    38.5043     0.0035  1033.7762  1033.7791     0.0029     6.0737 9.1405e+02 2.8906e-03 1.1886e-02      3.147   1059.183    38.5008  1033.7762    29.1047        143 0.0000e+00
