data/dsb01.cnv
* Sea-Bird SBE 9 Data File:
* FileName = C:\OCEANO\CTD\DATOS\IMEDEA-SHEBEX\SB01.hex
* Software Version Seasave V 7.22
* Temperature SN = 5427
* Conductivity SN = 3872
* Number of Bytes Per Scan = 40
* Number of Voltage Words = 5
* Number of Scans Averaged by the Deck Unit = 1
* NMEA Latitude = 38 51.91 N
* NMEA Longitude = 002 47.40 E
* NMEA UTC (Time) = May 10 2015  15:43:53
* NMEA baud rate = 4800
** Ship:B/O SOCIB
** Cruise: IMEDEA-SHEBEX
** Station: SB 01
** Operator: N.Wirth
** Depth: 1150
** Date: 2015-05-10
** Time: 15:40
# nquan = 27
# nvalues = 231                         
# units = specified
# name 0 = latitude: Latitude [deg]
# name 1 = longitude: Longitude [deg]
# name 2 = depSM: Depth [salt water, m]
# name 3 = prDM: Pressure, Digiquartz [db]
# name 4 = t090C: Temperature [ITS-90, deg C]
# name 5 = t190C: Temperature, 2 [ITS-90, deg C]
# name 6 = T2-T190C: Temperature Difference, 2 - 1 [ITS-90, deg C]
# name 7 = c0mS/cm: Conductivity [mS/cm]
# name 8 = c1mS/cm: Conductivity, 2 [mS/cm]
# name 9 = C2-C1mS/cm: Conductivity Difference, 2 - 1 [mS/cm]
# name 10 = sal00: Salinity, Practical [PSU]
# name 11 = sal11: Salinity, Practical, 2 [PSU]
# name 12 = secS-priS: Salinity, Practical, Difference, 2 - 1 [PSU]
# name 13 = density00: Density [density, kg/m^3]
# name 14 = density11: Density, 2 [density, kg/m^3]
# name 15 = D2-D1,d: Density Difference, 2 - 1 [density, kg/m^3]
# name 16 = sbeox0Mg/L: Oxygen, SBE 43 [mg/l]
# name 17 = spar: SPAR/Surface Irradiance
# name 18 = par: PAR/Irradiance, Biospherical/Licor
# name 19 = flSP: Fluorescence, Seapoint
# name 20 = seaTurbMtr: Turbidity, Seapoint [FTU]
# name 21 = depSM: Depth [salt water, m], lat = 38.8652
# name 22 = sal00: Salinity, Practical [PSU]
# name 23 = density00: Density [density, kg/m^3]
# name 24 = sigma-é00: Density [sigma-theta, kg/m^3]
# name 25 = nbin: number of scans per bin
# name 26 = flag: flag
# span 0 =   38.86539,   38.86804       
# span 1 =    2.78718,    2.78989       
# span 2 =      4.960,   1143.101       
# span 3 =      5.000,   1155.000       
# span 4 =    13.1664,    19.9946       
# span 5 =    13.1654,    19.9982       
# span 6 =    -0.0017,     0.0100       
# span 7 =  44.921094,  51.227097       
# span 8 =  44.923979,  51.235132       
# span 9 =   0.002509,   0.014421       
# span 10 =    37.6811,    38.5225      
# span 11 =    37.6833,    38.5265      
# span 12 =     0.0015,     0.0045      
# span 13 =  1026.8751,  1034.1428      
# span 14 =  1026.8770,  1034.1457      
# span 15 =    -0.0001,     0.0038      
# span 16 =     5.9418,     8.5243      
# span 17 = 8.7352e+02, 1.1275e+03      
# span 18 = 2.6203e-05, 3.2862e+02      
# span 19 = 1.0593e-02, 3.5710e-01      
# span 20 =      2.021,      7.459      
# span 21 =      4.962,   1143.092      
# span 22 =    37.6559,    38.5224      
# span 23 =  1026.8767,  1034.1428      
# span 24 =    26.8552,    29.1049      
# span 25 =         49,        223      
# span 26 = 0.0000e+00, 0.0000e+00      
# interval = decibars: 5                
# start_time = May 10 2015 15:43:53 [NMEA time, header]
# bad_flag = -9.990e-29
*END*
[from data line 108]
   38.86680    2.78845    540.170    545.000    13.2103    13.2091    -0.0012  45.104120  45.106969   0.002849    38.5206    38.5246     0.0039  1031.4883  1031.4916     0.0033     5.9612 9.9290e+02 2.8515e-04 1.1368e-02      3.206    540.169    38.5206  1031.4883    29.0962        149 0.0000e+00
   38.86682    2.78843    545.116    550.000    13.2027    13.2015    -0.0012  45.096880  45.099683   0.002803    38.5193    38.5232     0.0039  1031.5109  1031.5142     0.0033     5.9684 9.8740e+02 5.3714e-04 1.1249e-02      3.261    545.118    38.5192  1031.5108    29.0968        146 0.0000e+00
   38.86683    2.78842    550.066    555.000    13.1974    13.1961    -0.0013  45.092415  45.095040   0.002627    38.5182    38.5220     0.0039  1031.5332  1031.5364     0.0033     5.9755 9.8417e+02 1.4367e-03 1.1193e-02      3.393    550.067    38.5180  1031.5330    29.0971        150 0.0000e+00
   38.86685    2.78840    555.015    560.000    13.1951    13.1939    -0.0012  45.091633  45.094516   0.002881    38.5174    38.5214     0.0040  1031.5551  1031.5584     0.0033     5.9791 9.8463e+02 5.9340e-04 1.1091e-02      3.392    555.016    38.5173  1031.5550    29.0972        144 0.0000e+00
   38.86686    2.78839    559.964    565.000    13.1944    13.1930    -0.0013  45.092838  45.095477   0.002641    38.5171    38.5210     0.0039  1031.5770  1031.5802     0.0033     5.9804 9.7967e+02 1.3884e-03 1.1079e-02      3.483    559.964    38.5170  1031.5769    29.0973        149 0.0000e+00
   38.86687    2.78838    564.914    570.000    13.1953    13.1941    -0.0012  45.096225  45.099008   0.002782    38.5171    38.5210     0.0039  1031.5987  1031.6020     0.0033     5.9792 9.7441e+02 2.0550e-03 1.1098e-02      3.496    564.913    38.5171  1031.5987    29.0973        146 0.0000e+00
   38.86688    2.78836    569.860    575.000    13.1972    13.1962    -0.0011  45.100868  45.103853   0.002981    38.5174    38.5213     0.0039  1031.6205  1031.6237     0.0033     5.9753 9.7769e+02 1.6525e-03 1.1262e-02      3.442    569.861    38.5174  1031.6205    29.0973        150 0.0000e+00
   38.86690    2.78835    574.811    580.000    13.1977    13.1966    -0.0011  45.103777  45.106601   0.002824    38.5174    38.5213     0.0039  1031.6424  1031.6456     0.0032     5.9765 9.7223e+02 1.4436e-03 1.1224e-02      3.557    574.810    38.5175  1031.6424    29.0974        156 0.0000e+00
   38.86691    2.78833    579.758    585.000    13.1975    13.1963    -0.0011  45.105509  45.108335   0.002827    38.5172    38.5211     0.0039  1031.6642  1031.6674     0.0032     5.9761 9.7166e+02 2.3367e-03 1.1413e-02      3.464    579.758    38.5172  1031.6642    29.0974        146 0.0000e+00
   38.86692    2.78832    584.707    590.000    13.1962    13.1951    -0.0011  45.106076  45.108967   0.002890    38.5168    38.5207     0.0039  1031.6861  1031.6894     0.0032     5.9801 9.7058e+02 1.1864e-03 1.1156e-02      3.491    584.706    38.5168  1031.6861    29.0975        156 0.0000e+00
   38.86694    2.78830    589.655    595.000    13.1935    13.1924    -0.0011  45.104847  45.107756   0.002909    38.5162    38.5201     0.0039  1031.7082  1031.7115     0.0033     5.9829 9.5752e+02 1.2462e-03 1.1114e-02      3.679    589.654    38.5161  1031.7081    29.0977        147 0.0000e+00
   38.86694    2.78828    594.601    600.000    13.1930    13.1920    -0.0011  45.106466  45.109348   0.002881    38.5159    38.5198     0.0039  1031.7300  1031.7333     0.0032     5.9806 9.5504e+02 1.5632e-03 1.1227e-02      3.476    594.602    38.5159  1031.7300    29.0978        155 0.0000e+00
   38.86696    2.78827    599.552    605.000    13.1923    13.1912    -0.0011  45.107792  45.110616   0.002825    38.5158    38.5196     0.0038  1031.7521  1031.7553     0.0032     5.9866 9.4799e+02 9.0206e-04 1.0998e-02      3.918    599.550    38.5157  1031.7520    29.0980        150 0.0000e+00
   38.86697    2.78825    604.496    610.000    13.1921    13.1909    -0.0012  45.109928  45.112729   0.002803    38.5157    38.5196     0.0039  1031.7740  1031.7772     0.0032     5.9838 9.4739e+02 7.0545e-04 1.0972e-02      3.669    604.498    38.5157  1031.7740    29.0981        148 0.0000e+00
   38.86699    2.78824    609.447    615.000    13.1921    13.1909    -0.0011  45.112276  45.115117   0.002841    38.5158    38.5197     0.0039  1031.7960  1031.7993     0.0032     5.9837 9.5414e+02 5.1436e-04 1.0867e-02      3.572    609.445    38.5158  1031.7960    29.0983        161 0.0000e+00
   38.86700    2.78822    614.392    620.000    13.1922    13.1911    -0.0011  45.114743  45.117597   0.002853    38.5158    38.5197     0.0038  1031.8179  1031.8211     0.0032     5.9828 9.5395e+02 9.2162e-05 1.0855e-02      3.559    614.393    38.5158  1031.8179    29.0985        146 0.0000e+00
   38.86702    2.78821    619.341    625.000    13.1924    13.1913    -0.0011  45.117234  45.120071   0.002837    38.5158    38.5196     0.0038  1031.8398  1031.8430     0.0032     5.9836 9.5133e+02 2.1745e-04 1.0997e-02      3.690    619.340    38.5158  1031.8398    29.0986        157 0.0000e+00
   38.86703    2.78820    624.287    630.000    13.1913    13.1901    -0.0012  45.118158  45.120942   0.002785    38.5156    38.5194     0.0038  1031.8618  1031.8651     0.0032     5.9882 9.4857e+02 4.0404e-04 1.0981e-02      3.548    624.288    38.5156  1031.8618    29.0988        154 0.0000e+00
   38.86704    2.78818    629.235    635.000    13.1904    13.1893    -0.0011  45.119260  45.122088   0.002828    38.5153    38.5192     0.0039  1031.8838  1031.8870     0.0032     5.9892 9.3432e+02 5.5361e-04 1.0920e-02      3.681    629.235    38.5153  1031.8838    29.0989        142 0.0000e+00
   38.86706    2.78817    634.182    640.000    13.1885    13.1874    -0.0011  45.119218  45.122055   0.002836    38.5150    38.5189     0.0038  1031.9059  1031.9091     0.0032     5.9852 9.2479e+02 4.9228e-04 1.0982e-02      3.737    634.182    38.5150  1031.9059    29.0992        159 0.0000e+00
   38.86707    2.78815    639.127    645.000    13.1869    13.1858    -0.0011  45.119538  45.122359   0.002821    38.5147    38.5185     0.0038  1031.9279  1031.9311     0.0032     5.9915 9.2137e+02 1.2475e-04 1.0933e-02      3.548    639.129    38.5147  1031.9279    29.0995        153 0.0000e+00
   38.86708    2.78814    644.076    650.000    13.1859    13.1848    -0.0011  45.120444  45.123272   0.002828    38.5144    38.5183     0.0039  1031.9499  1031.9531     0.0032     5.9942 9.1937e+02 1.1320e-04 1.0940e-02      3.691    644.075    38.5144  1031.9498    29.0996        151 0.0000e+00
   38.86710    2.78812    649.021    655.000    13.1861    13.1850    -0.0011  45.122979  45.125747   0.002768    38.5144    38.5181     0.0038  1031.9717  1031.9749     0.0032     5.9954 9.1881e+02 8.7139e-04 1.0867e-02      3.782    649.022    38.5144  1031.9717    29.0998        150 0.0000e+00
   38.86712    2.78811    653.970    660.000    13.1863    13.1852    -0.0011  45.125367  45.128149   0.002782    38.5142    38.5181     0.0038  1031.9935  1031.9967     0.0032     5.9967 9.1612e+02 3.5592e-04 1.0804e-02      3.779    653.968    38.5142  1031.9935    29.0997        158 0.0000e+00
   38.86712    2.78810    658.914    665.000    13.1867    13.1857    -0.0010  45.128069  45.130977   0.002906    38.5142    38.5180     0.0038  1032.0153  1032.0185     0.0032     5.9940 9.2028e+02 6.8822e-04 1.0782e-02      3.915    658.915    38.5142  1032.0153    29.0998        147 0.0000e+00
   38.86714    2.78808    663.860    670.000    13.1867    13.1856    -0.0011  45.130239  45.133019   0.002781    38.5141    38.5179     0.0038  1032.0372  1032.0403     0.0031     5.9931 9.2364e+02 1.5315e-03 1.0860e-02      3.763    663.861    38.5142  1032.0372    29.0999        151 0.0000e+00
   38.86715    2.78807    668.808    675.000    13.1855    13.1844    -0.0011  45.130955  45.133772   0.002818    38.5138    38.5176     0.0038  1032.0591  1032.0623     0.0032     5.9956 9.1542e+02 2.9406e-03 1.0796e-02      3.856    668.807    38.5138  1032.0591    29.1000        152 0.0000e+00
   38.86716    2.78806    673.752    680.000    13.1855    13.1844    -0.0011  45.133085  45.135957   0.002872    38.5137    38.5175     0.0038  1032.0809  1032.0841     0.0032     5.9968 9.2892e+02 1.3286e-03 1.0837e-02      3.795    673.753    38.5137  1032.0809    29.1001        153 0.0000e+00
   38.86718    2.78805    678.699    685.000    13.1849    13.1838    -0.0010  45.134522  45.137327   0.002804    38.5135    38.5173     0.0037  1032.1028  1032.1060     0.0031     5.9985 9.2937e+02 3.3773e-04 1.0836e-02      3.752    678.699    38.5135  1032.1028    29.1002        152 0.0000e+00
   38.86719    2.78804    683.646    690.000    13.1827    13.1815    -0.0011  45.133974  45.136726   0.002754    38.5130    38.5168     0.0038  1032.1249  1032.1280     0.0032     6.0026 9.3322e+02 1.0228e-03 1.0763e-02      3.738    683.645    38.5130  1032.1248    29.1004        146 0.0000e+00
   38.86720    2.78802    688.590    695.000    13.1797    13.1785    -0.0012  45.132470  45.135177   0.002708    38.5124    38.5161     0.0038  1032.1469  1032.1501     0.0032     6.0080 9.3271e+02 2.3248e-04 1.0593e-02      3.746    688.591    38.5123  1032.1469    29.1007        147 0.0000e+00
   38.86722    2.78802    693.537    700.000    13.1783    13.1772    -0.0010  45.132887  45.135698   0.002809    38.5120    38.5158     0.0038  1032.1689  1032.1720     0.0031     6.0073 9.3300e+02 1.1438e-03 1.0746e-02      3.913    693.536    38.5120  1032.1688    29.1009        160 0.0000e+00
   38.86723    2.78800    698.482    705.000    13.1787    13.1776    -0.0011  45.135539  45.138359   0.002820    38.5119    38.5157     0.0038  1032.1906  1032.1938     0.0032     6.0056 9.3150e+02 2.1559e-03 1.0832e-02      3.726    698.482    38.5119  1032.1906    29.1009        148 0.0000e+00
   38.86724    2.78800    703.427    710.000    13.1792    13.1781    -0.0011  45.138390  45.141140   0.002750    38.5119    38.5156     0.0037  1032.2124  1032.2155     0.0031     6.0081 9.3680e+02 1.4052e-03 1.0836e-02      3.907    703.427    38.5119  1032.2124    29.1009        152 0.0000e+00
   38.86726    2.78798    708.372    715.000    13.1796    13.1785    -0.0011  45.141035  45.143822   0.002788    38.5118    38.5156     0.0038  1032.2341  1032.2373     0.0032     6.0054 9.3939e+02 9.3442e-04 1.0865e-02      3.709    708.372    38.5118  1032.2341    29.1010        148 0.0000e+00
   38.86727    2.78798    713.317    720.000    13.1788    13.1777    -0.0011  45.142253  45.144911   0.002659    38.5116    38.5153     0.0037  1032.2560  1032.2591     0.0031     6.0070 9.4055e+02 9.0153e-04 1.0800e-02      3.781    713.318    38.5116  1032.2560    29.1011        155 0.0000e+00
   38.86728    2.78796    718.263    725.000    13.1786    13.1774    -0.0011  45.144062  45.146799   0.002738    38.5114    38.5151     0.0037  1032.2778  1032.2810     0.0031     6.0098 9.4112e+02 9.6264e-04 1.0937e-02      3.659    718.262    38.5113  1032.2778    29.1011        154 0.0000e+00
   38.86730    2.78796    723.207    730.000    13.1791    13.1780    -0.0011  45.146888  45.149666   0.002776    38.5113    38.5151     0.0037  1032.2996  1032.3027     0.0031     6.0136 9.4441e+02 7.4518e-04 1.0980e-02      3.952    723.207    38.5113  1032.2996    29.1012        143 0.0000e+00
   38.86731    2.78795    728.152    735.000    13.1796    13.1785    -0.0011  45.149663  45.152417   0.002755    38.5113    38.5151     0.0037  1032.3213  1032.3245     0.0031     6.0079 9.5076e+02 7.8276e-04 1.0925e-02      3.827    728.152    38.5113  1032.3214    29.1012        153 0.0000e+00
   38.86733    2.78794    733.096    740.000    13.1778    13.1767    -0.0011  45.149621  45.152426   0.002805    38.5109    38.5147     0.0038  1032.3433  1032.3464     0.0031     6.0166 9.4879e+02 5.8425e-04 1.0742e-02      3.764    733.097    38.5109  1032.3433    29.1014        152 0.0000e+00
   38.86734    2.78793    738.042    745.000    13.1763    13.1753    -0.0011  45.150024  45.152833   0.002808    38.5106    38.5143     0.0038  1032.3653  1032.3684     0.0031     6.0182 9.4710e+02 4.9016e-04 1.0774e-02      3.900    738.041    38.5105  1032.3653    29.1016        148 0.0000e+00
   38.86736    2.78792    742.985    750.000    13.1763    13.1752    -0.0010  45.152097  45.154863   0.002767    38.5104    38.5141     0.0037  1032.3871  1032.3902     0.0031     6.0203 9.4071e+02 1.6330e-03 1.0898e-02      3.595    742.986    38.5104  1032.3870    29.1016        147 0.0000e+00
   38.86736    2.78792    747.930    755.000    13.1763    13.1752    -0.0010  45.154259  45.157018   0.002759    38.5103    38.5140     0.0037  1032.4088  1032.4119     0.0031     6.0194 9.4555e+02 1.7700e-03 1.0766e-02      3.663    747.930    38.5103  1032.4088    29.1017        158 0.0000e+00
   38.86738    2.78791    752.875    760.000    13.1763    13.1753    -0.0011  45.156455  45.159232   0.002777    38.5102    38.5139     0.0037  1032.4306  1032.4337     0.0031     6.0216 9.4302e+02 2.9785e-03 1.0811e-02      3.856    752.874    38.5102  1032.4306    29.1018        152 0.0000e+00
   38.86739    2.78790    757.817    765.000    13.1754    13.1744    -0.0010  45.157492  45.160297   0.002804    38.5099    38.5136     0.0037  1032.4525  1032.4556     0.0031     6.0223 9.4525e+02 2.7912e-03 1.0794e-02      3.605    757.818    38.5099  1032.4525    29.1019        150 0.0000e+00
   38.86740    2.78790    762.763    770.000    13.1751    13.1741    -0.0011  45.159303  45.162007   0.002704    38.5097    38.5134     0.0037  1032.4743  1032.4773     0.0031     6.0245 9.3711e+02 3.2605e-03 1.0795e-02      3.734    762.762    38.5097  1032.4742    29.1019        151 0.0000e+00
   38.86742    2.78789    767.706    775.000    13.1756    13.1746    -0.0010  45.161969  45.164806   0.002836    38.5096    38.5133     0.0037  1032.4960  1032.4991     0.0031     6.0252 9.4264e+02 1.8751e-03 1.0761e-02      3.731    767.706    38.5096  1032.4960    29.1020        161 0.0000e+00
   38.86743    2.78788    772.649    780.000    13.1752    13.1741    -0.0011  45.163618  45.166407   0.002789    38.5094    38.5131     0.0038  1032.5177  1032.5209     0.0031     6.0221 9.4057e+02 1.7054e-03 1.0841e-02      3.700    772.650    38.5094  1032.5177    29.1020        149 0.0000e+00
   38.86744    2.78787    777.593    785.000    13.1746    13.1735    -0.0011  45.164891  45.167719   0.002828    38.5091    38.5128     0.0038  1032.5395  1032.5427     0.0031     6.0259 9.3482e+02 1.7781e-03 1.0673e-02      3.687    777.593    38.5090  1032.5395    29.1020        155 0.0000e+00
   38.86746    2.78786    782.536    790.000    13.1749    13.1738    -0.0010  45.167453  45.170232   0.002779    38.5090    38.5127     0.0037  1032.5613  1032.5644     0.0031     6.0256 9.3525e+02 2.4399e-03 1.0844e-02      3.642    782.537    38.5090  1032.5613    29.1021        150 0.0000e+00
   38.86747    2.78786    787.480    795.000    13.1741    13.1731    -0.0010  45.168694  45.171395   0.002702    38.5088    38.5124     0.0036  1032.5831  1032.5862     0.0030     6.0271 9.2998e+02 3.5559e-03 1.0613e-02      3.563    787.480    38.5087  1032.5831    29.1022        154 0.0000e+00
   38.86749    2.78784    792.423    800.000    13.1738    13.1728    -0.0010  45.170453  45.173157   0.002703    38.5086    38.5122     0.0036  1032.6049  1032.6080     0.0030     6.0292 9.2804e+02 4.2796e-03 1.0624e-02      3.620    792.423    38.5086  1032.6049    29.1023        154 0.0000e+00
   38.86750    2.78784    797.366    805.000    13.1737    13.1727    -0.0010  45.172572  45.175352   0.002779    38.5085    38.5121     0.0037  1032.6267  1032.6298     0.0031     6.0275 9.2218e+02 2.2964e-03 1.0786e-02      3.718    797.366    38.5085  1032.6267    29.1024        149 0.0000e+00
