data/dsb01.cnv
* Sea-Bird SBE 9 Data File:
* FileName = C:\OCEANO\CTD\DATOS\IMEDEA-SHEBEX\SB01.hex
* Software Version Seasave V 7.22
* Temperature SN = 5427
* Conductivity SN = 3872
* Number of Bytes Per Scan = 40
* Number of Voltage Words = 5
* Number of Scans Averaged by the Deck Unit = 1
* NMEA Latitude = 38 51.91 N
* NMEA Longitude = 002 47.40 E
* NMEA UTC (Time) = May 10 2015  15:43:53
* NMEA baud rate = 4800
** Ship:B/O SOCIB
** Cruise: IMEDEA-SHEBEX
** Station: SB 01
** Operator: N.Wirth
** Depth: 1150
** Date: 2015-05-10
** Time: 15:40
# nquan = 27
# nvalues = 231                         
# units = specified
# name 0 = latitude: Latitude [deg]
# name 1 = longitude: Longitude [deg]
# name 2 = depSM: Depth [salt water, m]
# name 3 = prDM: Pressure, Digiquartz [db]
# name 4 = t090C: Temperature [ITS-90, deg C]
# name 5 = t190C: Temperature, 2 [ITS-90, deg C]
# name 6 = T2-T190C: Temperature Difference, 2 - 1 [ITS-90, deg C]
# name 7 = c0mS/cm: Conductivity [mS/cm]
# name 8 = c1mS/cm: Conductivity, 2 [mS/cm]
# name 9 = C2-C1mS/cm: Conductivity Difference, 2 - 1 [mS/cm]
# name 10 = sal00: Salinity, Practical [PSU]
# name 11 = sal11: Salinity, Practical, 2 [PSU]
# name 12 = secS-priS: Salinity, Practical, Difference, 2 - 1 [PSU]
# name 13 = density00: Density [density, kg/m^3]
# name 14 = density11: Density, 2 [density, kg/m^3]
# name 15 = D2-D1,d: Density Difference, 2 - 1 [density, kg/m^3]
# name 16 = sbeox0Mg/L: Oxygen, SBE 43 [mg/l]
# name 17 = spar: SPAR/Surface Irradiance
# name 18 = par: PAR/Irradiance, Biospherical/Licor
# name 19 = flSP: Fluorescence, Seapoint
# name 20 = seaTurbMtr: Turbidity, Seapoint [FTU]
# name 21 = depSM: Depth [salt water, m], lat = 38.8652
# name 22 = sal00: Salinity, Practical [PSU]
# name 23 = density00: Density [density, kg/m^3]
# name 24 = sigma-é00: Density [sigma-theta, kg/m^3]
# name 25 = nbin: number of scans per bin
# name 26 = flag: flag
# span 0 =   38.86539,   38.86804       
# span 1 =    2.78718,    2.78989       
# span 2 =      4.960,   1143.101       
# span 3 =      5.000,   1155.000       
# span 4 =    13.1664,    19.9946       
# span 5 =    13.1654,    19.9982       
# span 6 =    -0.0017,     0.0100       
# span 7 =  44.921094,  51.227097       
# span 8 =  44.923979,  51.235132       
# span 9 =   0.002509,   0.014421       
# span 10 =    37.6811,    38.5225      
# span 11 =    37.6833,    38.5265      
# span 12 =     0.0015,     0.0045      
# span 13 =  1026.8751,  1034.1428      
# span 14 =  1026.8770,  1034.1457      
# span 15 =    -0.0001,     0.0038      
# span 16 =     5.9418,     8.5243      
# span 17 = 8.7352e+02, 1.1275e+03      
# span 18 = 2.6203e-05, 3.2862e+02      
# span 19 = 1.0593e-02, 3.5710e-01      
# span 20 =      2.021,      7.459      
# span 21 =      4.962,   1143.092      
# span 22 =    37.6559,    38.5224      
# span 23 =  1026.8767,  1034.1428      
# span 24 =    26.8552,    29.1049      
# span 25 =         49,        223      
# span 26 = 0.0000e+00, 0.0000e+00      
# interval = decibars: 5                
# start_time = May 10 2015 15:43:53 [NMEA time, header]
# bad_flag = -9.990e-29
*END*
[from data line 54]
   38.86612    2.78912    272.740    275.000    13.3163    13.3150    -0.0013  45.052698  45.055651   0.002953    38.4857    38.4899     0.0041  1030.2486  1030.2521     0.0035     6.0853 1.0613e+03 9.5207e-05 1.1231e-02      2.514    272.739    38.4854  1030.2483    29.0383        147 0.0000e+00
   38.86613    2.78911    277.694    280.000    13.3133    13.3120    -0.0013  45.055091  45.058060   0.002969    38.4887    38.4928     0.0041  1030.2736  1030.2771     0.0035     6.0823 1.0629e+03 1.5433e-04 1.0956e-02      2.500    277.695    38.4885  1030.2735    29.0415        147 0.0000e+00
   38.86614    2.78910    282.652    285.000    13.3129    13.3117    -0.0013  45.060990  45.064013   0.003023    38.4923    38.4965     0.0042  1030.2986  1030.3021     0.0035     6.0891 1.0646e+03 6.5967e-04 1.1055e-02      2.463    282.650    38.4923  1030.2985    29.0447        146 0.0000e+00
   38.86616    2.78908    287.605    290.000    13.3139    13.3126    -0.0013  45.066991  45.069901   0.002911    38.4948    38.4989     0.0041  1030.3224  1030.3258     0.0034     6.0868 1.0683e+03 1.3464e-03 1.1157e-02      2.434    287.606    38.4948  1030.3224    29.0466        145 0.0000e+00
   38.86616    2.78908    292.560    295.000    13.3143    13.3129    -0.0013  45.072220  45.075220   0.003001    38.4971    38.5013     0.0042  1030.3462  1030.3497     0.0035     6.0812 1.0709e+03 1.3361e-04 1.1586e-02      2.459    292.561    38.4971  1030.3462    29.0484        147 0.0000e+00
   38.86618    2.78906    297.516    300.000    13.3137    13.3124    -0.0013  45.078448  45.081413   0.002964    38.5014    38.5056     0.0041  1030.3717  1030.3752     0.0035     6.0664 1.0638e+03 6.1683e-05 1.1468e-02      2.400    297.516    38.5014  1030.3717    29.0521        143 0.0000e+00
   38.86619    2.78905    302.471    305.000    13.3117    13.3105    -0.0012  45.082666  45.085620   0.002952    38.5053    38.5094     0.0041  1030.3972  1030.4006     0.0034     6.0477 1.0622e+03 5.1827e-05 1.1022e-02      2.446    302.471    38.5052  1030.3972    29.0556        149 0.0000e+00
   38.86620    2.78904    307.427    310.000    13.3075    13.3062    -0.0013  45.084161  45.087122   0.002962    38.5088    38.5129     0.0041  1030.4229  1030.4264     0.0035     6.0244 1.0565e+03 3.7522e-04 1.0981e-02      2.343    307.426    38.5087  1030.4228    29.0593        145 0.0000e+00
   38.86621    2.78902    312.378    315.000    13.3031    13.3018    -0.0013  45.083939  45.086857   0.002918    38.5107    38.5148     0.0041  1030.4474  1030.4509     0.0034     6.0076 1.0607e+03 8.4882e-05 1.1066e-02      2.340    312.380    38.5106  1030.4473    29.0619        144 0.0000e+00
   38.86622    2.78901    317.338    320.000    13.2998    13.2986    -0.0012  45.084464  45.087405   0.002939    38.5123    38.5163     0.0040  1030.4714  1030.4748     0.0034     5.9974 1.0568e+03 5.0230e-04 1.1226e-02      2.151    317.335    38.5122  1030.4713    29.0640        148 0.0000e+00
   38.86624    2.78900    322.288    325.000    13.2988    13.2976    -0.0012  45.086443  45.089417   0.002974    38.5129    38.5170     0.0041  1030.4942  1030.4976     0.0034     5.9900 1.0647e+03 3.0267e-04 1.1106e-02      2.113    322.290    38.5129  1030.4942    29.0649        148 0.0000e+00
   38.86624    2.78899    327.245    330.000    13.2977    13.2964    -0.0012  45.088740  45.091713   0.002974    38.5140    38.5181     0.0041  1030.5173  1030.5208     0.0034     5.9859 1.0577e+03 4.4122e-04 1.1260e-02      2.104    327.244    38.5140  1030.5173    29.0661        139 0.0000e+00
   38.86626    2.78898    332.198    335.000    13.2967    13.2955    -0.0012  45.090690  45.093860   0.003171    38.5146    38.5189     0.0043  1030.5400  1030.5437     0.0036     5.9858 1.0583e+03 4.5637e-04 1.0990e-02      2.151    332.198    38.5145  1030.5400    29.0669        151 0.0000e+00
   38.86627    2.78896    337.151    340.000    13.2927    13.2915    -0.0012  45.091324  45.094371   0.003046    38.5170    38.5211     0.0041  1030.5648  1030.5683     0.0035     5.9672 1.0603e+03 1.0898e-03 1.1014e-02      2.069    337.152    38.5169  1030.5648    29.0697        145 0.0000e+00
   38.86628    2.78895    342.106    345.000    13.2899    13.2887    -0.0012  45.092197  45.095184   0.002987    38.5185    38.5226     0.0041  1030.5887  1030.5921     0.0034     5.9744 1.0604e+03 9.5186e-04 1.0929e-02      2.021    342.106    38.5184  1030.5886    29.0716        142 0.0000e+00
   38.86630    2.78894    347.061    350.000    13.2857    13.2845    -0.0012  45.091148  45.094162   0.003014    38.5194    38.5236     0.0041  1030.6124  1030.6159     0.0035     5.9740 1.0630e+03 1.2033e-03 1.0612e-02      2.399    347.060    38.5193  1030.6123    29.0734        139 0.0000e+00
   38.86631    2.78893    352.014    355.000    13.2857    13.2845    -0.0012  45.094017  45.096973   0.002957    38.5199    38.5240     0.0041  1030.6348  1030.6382     0.0034     5.9751 1.0597e+03 9.8247e-04 1.0901e-02      2.165    352.014    38.5198  1030.6347    29.0739        146 0.0000e+00
   38.86632    2.78892    356.967    360.000    13.2843    13.2830    -0.0013  45.095583  45.098456   0.002874    38.5205    38.5246     0.0041  1030.6576  1030.6610     0.0034     5.9736 1.0623e+03 4.5641e-04 1.0844e-02      2.083    356.967    38.5205  1030.6576    29.0748        152 0.0000e+00
   38.86634    2.78890    361.920    365.000    13.2821    13.2809    -0.0012  45.096179  45.099140   0.002959    38.5211    38.5251     0.0041  1030.6806  1030.6840     0.0034     5.9730 1.0606e+03 1.6957e-03 1.0772e-02      2.087    361.921    38.5210  1030.6805    29.0759        146 0.0000e+00
   38.86635    2.78889    366.875    370.000    13.2796    13.2783    -0.0013  45.096272  45.099136   0.002865    38.5215    38.5255     0.0040  1030.7035  1030.7069     0.0034     5.9658 1.0524e+03 1.2216e-03 1.0743e-02      2.065    366.874    38.5214  1030.7034    29.0769        144 0.0000e+00
   38.86636    2.78888    371.828    375.000    13.2676    13.2663    -0.0013  45.085712  45.088481   0.002771    38.5215    38.5255     0.0040  1030.7281  1030.7315     0.0034     5.9541 1.0504e+03 1.5365e-03 1.0850e-02      2.321    371.828    38.5212  1030.7279    29.0794        141 0.0000e+00
   38.86638    2.78886    376.780    380.000    13.2563    13.2550    -0.0013  45.074165  45.077077   0.002911    38.5196    38.5237     0.0041  1030.7512  1030.7546     0.0034     5.9531 1.0491e+03 1.7813e-03 1.0923e-02      2.530    376.781    38.5193  1030.7509    29.0804        148 0.0000e+00
   38.86638    2.78886    381.735    385.000    13.2529    13.2517    -0.0012  45.073291  45.076145   0.002851    38.5198    38.5238     0.0040  1030.7742  1030.7775     0.0033     5.9572 1.0406e+03 1.1441e-03 1.0867e-02      2.795    381.734    38.5196  1030.7740    29.0816        140 0.0000e+00
   38.86640    2.78884    386.689    390.000    13.2518    13.2505    -0.0012  45.075905  45.078851   0.002945    38.5212    38.5252     0.0041  1030.7974  1030.8008     0.0034     5.9533 1.0369e+03 1.0339e-03 1.0924e-02      2.861    386.687    38.5211  1030.7974    29.0830        150 0.0000e+00
   38.86641    2.78883    391.638    395.000    13.2482    13.2469    -0.0012  45.074636  45.077561   0.002924    38.5213    38.5254     0.0040  1030.8204  1030.8238     0.0034     5.9523 1.0460e+03 1.7060e-03 1.0905e-02      2.984    391.640    38.5212  1030.8203    29.0841        145 0.0000e+00
   38.86642    2.78882    396.593    400.000    13.2463    13.2451    -0.0013  45.075514  45.078439   0.002926    38.5217    38.5258     0.0041  1030.8431  1030.8465     0.0034     5.9487 1.0475e+03 2.5077e-03 1.0928e-02      2.773    396.592    38.5216  1030.8431    29.0849        141 0.0000e+00
   38.86644    2.78880    401.545    405.000    13.2456    13.2444    -0.0012  45.077190  45.080094   0.002903    38.5218    38.5258     0.0040  1030.8654  1030.8687     0.0034     5.9487 1.0481e+03 1.5664e-03 1.0761e-02      2.937    401.545    38.5217  1030.8653    29.0853        149 0.0000e+00
   38.86645    2.78880    406.498    410.000    13.2445    13.2432    -0.0013  45.078462  45.081401   0.002939    38.5219    38.5260     0.0041  1030.8878  1030.8912     0.0034     5.9418 1.0428e+03 2.6077e-03 1.1046e-02      2.817    406.497    38.5219  1030.8877    29.0858        135 0.0000e+00
   38.86646    2.78878    411.450    415.000    13.2429    13.2417    -0.0012  45.079291  45.082202   0.002910    38.5221    38.5261     0.0040  1030.9103  1030.9136     0.0033     5.9465 1.0417e+03 2.5252e-03 1.0971e-02      2.839    411.450    38.5220  1030.9102    29.0864        154 0.0000e+00
   38.86647    2.78878    416.402    420.000    13.2382    13.2370    -0.0011  45.077029  45.079972   0.002942    38.5225    38.5265     0.0040  1030.9336  1030.9370     0.0033     5.9433 1.0408e+03 3.9242e-03 1.0981e-02      2.749    416.402    38.5224  1030.9336    29.0878        149 0.0000e+00
   38.86648    2.78877    421.353    425.000    13.2330    13.2317    -0.0012  45.073597  45.076428   0.002832    38.5222    38.5262     0.0040  1030.9566  1030.9599     0.0033     5.9525 1.0365e+03 1.7733e-03 1.0972e-02      2.926    421.354    38.5221  1030.9565    29.0889        148 0.0000e+00
   38.86649    2.78876    426.305    430.000    13.2269    13.2257    -0.0012  45.068747  45.071678   0.002931    38.5215    38.5255     0.0040  1030.9793  1030.9827     0.0034     5.9485 1.0328e+03 2.6201e-03 1.0956e-02      3.087    426.306    38.5213  1030.9792    29.0897        148 0.0000e+00
   38.86651    2.78874    431.259    435.000    13.2252    13.2240    -0.0012  45.069289  45.072242   0.002952    38.5214    38.5255     0.0040  1031.0017  1031.0051     0.0034     5.9500 1.0279e+03 1.3618e-03 1.1094e-02      2.965    431.258    38.5214  1031.0016    29.0902        143 0.0000e+00
   38.86653    2.78873    436.209    440.000    13.2247    13.2235    -0.0012  45.071274  45.074144   0.002870    38.5216    38.5255     0.0040  1031.0239  1031.0272     0.0033     5.9481 1.0310e+03 8.1020e-04 1.0949e-02      2.995    436.210    38.5215  1031.0239    29.0906        144 0.0000e+00
   38.86654    2.78872    441.159    445.000    13.2249    13.2237    -0.0012  45.074130  45.077061   0.002930    38.5218    38.5258     0.0040  1031.0461  1031.0494     0.0034     5.9486 1.0302e+03 9.8790e-04 1.1237e-02      2.858    441.161    38.5218  1031.0461    29.0909        137 0.0000e+00
   38.86656    2.78870    446.115    450.000    13.2244    13.2232    -0.0012  45.075894  45.078828   0.002934    38.5218    38.5258     0.0040  1031.0682  1031.0716     0.0034     5.9499 1.0270e+03 1.0719e-03 1.1173e-02      2.944    446.113    38.5218  1031.0682    29.0911        147 0.0000e+00
   38.86657    2.78869    451.062    455.000    13.2204    13.2192    -0.0011  45.073664  45.076673   0.003008    38.5216    38.5256     0.0040  1031.0909  1031.0943     0.0034     5.9528 1.0262e+03 3.2569e-04 1.1178e-02      3.025    451.064    38.5215  1031.0909    29.0919        149 0.0000e+00
   38.86658    2.78868    456.018    460.000    13.2188    13.2177    -0.0011  45.074134  45.077081   0.002946    38.5213    38.5253     0.0039  1031.1131  1031.1164     0.0033     5.9532 1.0163e+03 3.1342e-04 1.1176e-02      3.069    456.015    38.5213  1031.1131    29.0923        150 0.0000e+00
   38.86660    2.78866    460.965    465.000    13.2169    13.2158    -0.0012  45.074124  45.076944   0.002820    38.5209    38.5249     0.0039  1031.1352  1031.1385     0.0033     5.9535 1.0130e+03 2.6203e-05 1.1179e-02      3.282    460.966    38.5209  1031.1352    29.0925        148 0.0000e+00
   38.86660    2.78866    465.917    470.000    13.2172    13.2160    -0.0012  45.076875  45.079835   0.002960    38.5210    38.5251     0.0040  1031.1572  1031.1606     0.0034     5.9529 1.0127e+03 2.9083e-04 1.1373e-02      3.077    465.917    38.5210  1031.1572    29.0927        148 0.0000e+00
   38.86662    2.78864    470.868    475.000    13.2167    13.2155    -0.0012  45.078650  45.081569   0.002919    38.5211    38.5250     0.0040  1031.1794  1031.1827     0.0033     5.9499 1.0101e+03 1.9255e-04 1.1250e-02      3.105    470.868    38.5210  1031.1794    29.0930        153 0.0000e+00
   38.86662    2.78863    475.820    480.000    13.2164    13.2153    -0.0011  45.080648  45.083558   0.002909    38.5210    38.5249     0.0039  1031.2014  1031.2046     0.0033     5.9521 9.9611e+02 2.8797e-04 1.1188e-02      3.116    475.819    38.5210  1031.2014    29.0931        154 0.0000e+00
   38.86664    2.78862    480.769    485.000    13.2166    13.2153    -0.0012  45.083148  45.086000   0.002853    38.5210    38.5249     0.0040  1031.2233  1031.2267     0.0033     5.9521 9.9434e+02 1.7671e-04 1.1135e-02      3.048    480.770    38.5210  1031.2233    29.0932        142 0.0000e+00
   38.86665    2.78860    485.720    490.000    13.2149    13.2137    -0.0012  45.083324  45.086183   0.002860    38.5206    38.5246     0.0040  1031.2454  1031.2487     0.0033     5.9548 1.0012e+03 1.3533e-04 1.1296e-02      3.110    485.720    38.5206  1031.2454    29.0934        146 0.0000e+00
   38.86666    2.78859    490.671    495.000    13.2142    13.2130    -0.0012  45.084563  45.087451   0.002888    38.5203    38.5243     0.0040  1031.2673  1031.2707     0.0033     5.9548 1.0061e+03 1.4016e-04 1.1240e-02      3.168    490.671    38.5203  1031.2673    29.0935        160 0.0000e+00
   38.86668    2.78858    495.621    500.000    13.2127    13.2115    -0.0011  45.085088  45.087965   0.002876    38.5201    38.5241     0.0039  1031.2895  1031.2928     0.0033     5.9507 1.0114e+03 9.0866e-05 1.1252e-02      3.180    495.621    38.5201  1031.2895    29.0938        144 0.0000e+00
   38.86669    2.78857    500.572    505.000    13.2100    13.2088    -0.0012  45.084172  45.087015   0.002844    38.5198    38.5237     0.0039  1031.3118  1031.3151     0.0033     5.9588 1.0146e+03 1.4932e-04 1.1186e-02      3.371    500.571    38.5197  1031.3118    29.0942        143 0.0000e+00
   38.86670    2.78856    505.521    510.000    13.2097    13.2085    -0.0012  45.086087  45.088960   0.002873    38.5196    38.5236     0.0039  1031.3338  1031.3371     0.0033     5.9563 1.0145e+03 4.2350e-04 1.1201e-02      3.303    505.521    38.5196  1031.3338    29.0944        144 0.0000e+00
   38.86672    2.78855    510.472    515.000    13.2095    13.2083    -0.0012  45.088054  45.090886   0.002833    38.5195    38.5234     0.0039  1031.3557  1031.3590     0.0033     5.9578 1.0123e+03 2.6802e-04 1.1146e-02      3.332    510.471    38.5195  1031.3557    29.0945        140 0.0000e+00
   38.86673    2.78853    515.421    520.000    13.2078    13.2066    -0.0011  45.088326  45.091214   0.002887    38.5193    38.5232     0.0039  1031.3779  1031.3812     0.0033     5.9560 1.0126e+03 9.2479e-04 1.1117e-02      3.293    515.421    38.5192  1031.3779    29.0948        153 0.0000e+00
   38.86675    2.78852    520.370    525.000    13.2081    13.2069    -0.0012  45.091065  45.093942   0.002878    38.5193    38.5233     0.0040  1031.3999  1031.4032     0.0033     5.9598 1.0074e+03 4.9543e-04 1.1180e-02      3.236    520.371    38.5193  1031.3999    29.0950        140 0.0000e+00
   38.86677    2.78850    525.322    530.000    13.2083    13.2072    -0.0012  45.094111  45.096934   0.002823    38.5197    38.5236     0.0039  1031.4221  1031.4254     0.0033     5.9593 1.0031e+03 5.2625e-04 1.1241e-02      3.309    525.320    38.5197  1031.4221    29.0954        150 0.0000e+00
   38.86678    2.78848    530.270    535.000    13.2098    13.2086    -0.0012  45.098444  45.101285   0.002841    38.5201    38.5240     0.0039  1031.4441  1031.4473     0.0033     5.9581 9.9982e+02 1.4069e-03 1.1096e-02      3.260    530.270    38.5201  1031.4441    29.0956        147 0.0000e+00
